1 + 449;450
378 + 369;747
464 + 59;523
127 + 329;456
480 + 370;850
100 + 176;276
349 + 333;682
486 + 95;581
34 + 436;470
350 + 315;665
99 + 265;364
14 + 7;21
409 + 53;462
317 + 149;466
426 + 13;439
10 + 48;58
290 + 408;698
350 + 464;814
429 + 248;677
60 + 459;519
133 + 237;370
295 + 35;330
188 + 484;672
2 + 250;252
221 + 156;377
91 + 63;154
447 + 423;870
181 + 235;416
184 + 85;269
250 + 177;427
4 + 39;43
482 + 414;896
281 + 61;342
420 + 440;860
204 + 297;501
267 + 344;611
162 + 300;462
3 + 265;268
245 + 100;345
404 + 281;685
245 + 7;252
297 + 218;515
410 + 162;572
24 + 177;201
61 + 217;278
138 + 178;316
111 + 18;129
474 + 167;641
160 + 90;250
476 + 86;562
195 + 242;437
447 + 112;559
196 + 304;500
414 + 77;491
258 + 390;648
493 + 418;911
61 + 401;462
317 + 138;455
278 + 234;512
291 + 90;381
455 + 172;627
340 + 239;579
52 + 396;448
104 + 365;469
46 + 439;485
266 + 129;395
430 + 261;691
216 + 68;284
106 + 351;457
283 + 332;615
215 + 69;284
223 + 479;702
191 + 16;207
348 + 114;462
396 + 247;643
118 + 311;429
242 + 196;438
16 + 417;433
459 + 178;637
326 + 161;487
231 + 205;436
303 + 52;355
296 + 167;463
250 + 216;466
422 + 78;500
353 + 183;536
362 + 366;728
103 + 243;346
295 + 6;301
461 + 357;818
222 + 439;661
346 + 77;423
6 + 219;225
291 + 156;447
393 + 193;586
132 + 291;423
141 + 98;239
377 + 491;868
265 + 256;521
273 + 459;732
169 + 401;570
384 + 163;547
304 + 150;454
293 + 436;729
144 + 101;245
432 + 173;605
206 + 397;603
270 + 19;289
214 + 119;333
180 + 256;436
343 + 275;618
332 + 281;613
362 + 327;689
390 + 52;442
106 + 231;337
433 + 370;803
92 + 67;159
434 + 32;466
222 + 178;400
273 + 133;406
489 + 342;831
184 + 286;470
413 + 438;851
458 + 19;477
120 + 374;494
335 + 101;436
119 + 156;275
474 + 310;784
313 + 282;595
166 + 1;167
438 + 486;924
381 + 368;749
60 + 87;147
165 + 250;415
457 + 140;597
107 + 353;460
102 + 93;195
383 + 359;742
73 + 394;467
155 + 424;579
464 + 250;714
323 + 219;542
309 + 100;409
338 + 97;435
146 + 62;208
338 + 12;350
213 + 175;388
168 + 161;329
168 + 333;501
126 + 4;130
177 + 374;551
97 + 7;104
240 + 293;533
209 + 487;696
281 + 301;582
228 + 165;393
373 + 151;524
196 + 115;311
32 + 288;320
141 + 314;455
442 + 451;893
289 + 373;662
170 + 271;441
253 + 66;319
466 + 36;502
178 + 437;615
302 + 420;722
82 + 381;463
304 + 146;450
393 + 68;461
487 + 148;635
399 + 195;594
265 + 146;411
160 + 234;394
46 + 72;118
379 + 23;402
334 + 189;523
464 + 254;718
360 + 439;799
90 + 496;586
286 + 421;707
443 + 73;516
208 + 334;542
341 + 362;703
394 + 163;557
400 + 196;596
375 + 105;480
391 + 117;508
137 + 415;552
473 + 52;525
182 + 144;326
470 + 290;760
87 + 442;529
429 + 362;791
138 + 434;572
306 + 208;514
251 + 322;573
80 + 496;576
245 + 125;370
289 + 322;611
220 + 168;388
496 + 145;641
31 + 3;34
422 + 28;450
89 + 126;215
217 + 93;310
489 + 371;860
246 + 91;337
452 + 454;906
399 + 54;453
138 + 139;277
261 + 381;642
384 + 72;456
111 + 41;152
178 + 124;302
24 + 272;296
283 + 162;445
22 + 180;202
318 + 171;489
325 + 492;817
242 + 48;290
135 + 433;568
223 + 304;527
326 + 448;774
166 + 421;587
165 + 375;540
79 + 335;414
256 + 335;591
466 + 323;789
323 + 76;399
95 + 299;394
8 + 261;269
276 + 388;664
172 + 84;256
165 + 400;565
392 + 428;820
72 + 489;561
107 + 187;294
386 + 226;612
267 + 422;689
224 + 170;394
447 + 266;713
485 + 167;652
86 + 6;92
69 + 443;512
261 + 449;710
91 + 136;227
403 + 78;481
402 + 137;539
51 + 365;416
215 + 399;614
227 + 13;240
339 + 25;364
3 + 473;476
34 + 23;57
151 + 174;325
10 + 219;229
75 + 11;86
44 + 147;191
457 + 294;751
456 + 478;934
446 + 121;567
104 + 154;258
352 + 19;371
22 + 2;24
311 + 276;587
221 + 105;326
165 + 453;618
414 + 277;691
155 + 42;197
98 + 278;376
279 + 361;640
387 + 388;775
356 + 438;794
448 + 332;780
122 + 41;163
116 + 459;575
204 + 214;418
499 + 461;960
171 + 141;312
195 + 163;358
132 + 231;363
344 + 204;548
394 + 172;566
233 + 178;411
157 + 372;529
196 + 447;643
29 + 262;291
234 + 480;714
350 + 152;502
410 + 95;505
14 + 134;148
360 + 487;847
64 + 409;473
427 + 346;773
416 + 16;432
200 + 158;358
16 + 320;336
497 + 119;616
53 + 206;259
201 + 229;430
490 + 178;668
325 + 437;762
202 + 476;678
355 + 452;807
438 + 390;828
263 + 289;552
223 + 341;564
96 + 103;199
414 + 150;564
296 + 460;756
102 + 269;371
118 + 7;125
473 + 34;507
66 + 25;91
169 + 180;349
187 + 51;238
26 + 8;34
194 + 171;365
289 + 218;507
492 + 393;885
476 + 393;869
485 + 102;587
31 + 187;218
180 + 437;617
89 + 484;573
337 + 3;340
453 + 459;912
163 + 436;599
335 + 75;410
267 + 44;311
261 + 471;732
93 + 201;294
31 + 261;292
303 + 136;439
129 + 140;269
198 + 299;497
280 + 46;326
4 + 277;281
328 + 306;634
435 + 115;550
180 + 203;383
85 + 100;185
260 + 131;391
212 + 448;660
115 + 453;568
469 + 410;879
483 + 483;966
74 + 26;100
245 + 36;281
124 + 349;473
194 + 289;483
327 + 300;627
213 + 3;216
60 + 488;548
183 + 25;208
23 + 106;129
225 + 153;378
447 + 409;856
289 + 145;434
68 + 87;155
346 + 347;693
324 + 80;404
318 + 82;400
219 + 97;316
41 + 353;394
403 + 372;775
148 + 302;450
257 + 296;553
253 + 499;752
454 + 426;880
36 + 234;270
343 + 164;507
334 + 367;701
244 + 454;698
163 + 452;615
493 + 334;827
206 + 133;339
26 + 175;201
36 + 320;356
221 + 55;276
350 + 265;615
97 + 487;584
80 + 259;339
103 + 168;271
3 + 399;402
97 + 8;105
154 + 379;533
249 + 491;740
11 + 383;394
142 + 269;411
407 + 359;766
218 + 16;234
105 + 466;571
89 + 479;568
57 + 433;490
96 + 478;574
107 + 494;601
445 + 331;776
66 + 318;384
381 + 371;752
37 + 294;331
110 + 295;405
329 + 215;544
83 + 5;88
107 + 180;287
375 + 137;512
437 + 130;567
269 + 377;646
344 + 13;357
329 + 340;669
391 + 182;573
139 + 193;332
5 + 186;191
81 + 460;541
42 + 109;151
306 + 302;608
233 + 117;350
248 + 388;636
57 + 183;240
468 + 394;862
75 + 214;289
209 + 391;600
484 + 35;519
213 + 449;662
355 + 203;558
264 + 251;515
67 + 105;172
362 + 158;520
120 + 143;263
265 + 486;751
289 + 230;519
131 + 220;351
227 + 325;552
36 + 59;95
16 + 482;498
422 + 34;456
134 + 225;359
62 + 466;528
304 + 308;612
65 + 309;374
64 + 190;254
16 + 202;218
162 + 453;615
445 + 312;757
234 + 36;270
5 + 245;250
300 + 422;722
33 + 282;315
184 + 461;645
209 + 37;246
385 + 253;638
368 + 328;696
364 + 315;679
219 + 456;675
279 + 449;728
81 + 354;435
463 + 120;583
283 + 239;522
273 + 57;330
327 + 71;398
14 + 315;329
434 + 360;794
48 + 37;85
22 + 386;408
288 + 378;666
247 + 206;453
390 + 191;581
189 + 147;336
93 + 350;443
181 + 65;246
162 + 391;553
447 + 389;836
304 + 59;363
459 + 209;668
377 + 170;547
185 + 123;308
2 + 195;197
261 + 462;723
275 + 339;614
284 + 79;363
448 + 477;925
390 + 366;756
55 + 56;111
398 + 206;604
136 + 405;541
21 + 80;101
162 + 442;604
185 + 425;610
499 + 223;722
131 + 8;139
318 + 335;653
401 + 470;871
217 + 411;628
221 + 436;657
139 + 192;331
219 + 37;256
372 + 117;489
133 + 377;510
373 + 57;430
375 + 315;690
277 + 165;442
154 + 3;157
402 + 131;533
74 + 122;196
419 + 467;886
114 + 360;474
378 + 127;505
457 + 34;491
344 + 423;767
296 + 475;771
109 + 379;488
84 + 276;360
392 + 105;497
497 + 414;911
249 + 491;740
219 + 142;361
64 + 80;144
258 + 73;331
397 + 133;530
285 + 265;550
60 + 23;83
278 + 156;434
313 + 497;810
149 + 361;510
320 + 337;657
18 + 134;152
238 + 128;366
174 + 123;297
183 + 109;292
354 + 317;671
27 + 454;481
145 + 384;529
35 + 443;478
483 + 428;911
18 + 278;296
95 + 74;169
165 + 25;190
182 + 230;412
238 + 456;694
498 + 382;880
72 + 264;336
95 + 449;544
415 + 399;814
255 + 211;466
270 + 416;686
221 + 109;330
107 + 98;205
78 + 336;414
91 + 359;450
463 + 369;832
90 + 405;495
490 + 350;840
430 + 454;884
412 + 55;467
477 + 221;698
249 + 325;574
238 + 199;437
60 + 435;495
380 + 390;770
473 + 423;896
46 + 294;340
388 + 51;439
34 + 115;149
188 + 6;194
471 + 21;492
94 + 2;96
152 + 91;243
91 + 276;367
433 + 242;675
341 + 355;696
84 + 121;205
279 + 249;528
22 + 221;243
235 + 173;408
299 + 69;368
142 + 397;539
297 + 90;387
29 + 1;30
281 + 253;534
425 + 243;668
203 + 230;433
16 + 102;118
228 + 431;659
282 + 470;752
490 + 422;912
266 + 418;684
484 + 221;705
178 + 435;613
79 + 166;245
286 + 403;689
68 + 112;180
52 + 473;525
42 + 61;103
247 + 48;295
72 + 447;519
60 + 469;529
81 + 7;88
134 + 389;523
453 + 335;788
407 + 274;681
353 + 152;505
460 + 137;597
192 + 170;362
141 + 73;214
387 + 195;582
354 + 411;765
227 + 473;700
205 + 61;266
139 + 245;384
170 + 168;338
185 + 172;357
492 + 300;792
310 + 208;518
161 + 352;513
221 + 17;238
170 + 50;220
15 + 127;142
248 + 33;281
374 + 497;871
134 + 282;416
128 + 488;616
335 + 294;629
26 + 376;402
123 + 474;597
285 + 187;472
409 + 333;742
269 + 227;496
489 + 417;906
308 + 418;726
279 + 39;318
189 + 393;582
191 + 50;241
254 + 49;303
316 + 101;417
183 + 412;595
14 + 491;505
407 + 92;499
123 + 232;355
396 + 402;798
83 + 306;389
203 + 56;259
299 + 459;758
214 + 191;405
152 + 19;171
371 + 322;693
172 + 246;418
106 + 334;440
423 + 190;613
456 + 455;911
207 + 418;625
460 + 210;670
438 + 28;466
32 + 175;207
256 + 229;485
418 + 58;476
51 + 427;478
63 + 59;122
102 + 279;381
27 + 42;69
317 + 301;618
155 + 316;471
395 + 234;629
429 + 350;779
326 + 434;760
328 + 317;645
322 + 20;342
388 + 140;528
100 + 165;265
357 + 288;645
296 + 486;782
140 + 188;328
86 + 347;433
190 + 3;193
452 + 53;505
169 + 323;492
139 + 416;555
47 + 49;96
298 + 55;353
18 + 51;69
281 + 89;370
56 + 179;235
130 + 121;251
304 + 431;735
154 + 332;486
212 + 244;456
394 + 390;784
366 + 86;452
472 + 141;613
469 + 97;566
490 + 106;596
266 + 89;355
118 + 112;230
478 + 95;573
170 + 159;329
336 + 406;742
266 + 499;765
79 + 372;451
491 + 290;781
227 + 489;716
443 + 492;935
254 + 443;697
120 + 262;382
265 + 178;443
174 + 266;440
488 + 360;848
484 + 67;551
134 + 218;352
114 + 189;303
209 + 414;623
228 + 229;457
448 + 365;813
101 + 220;321
290 + 312;602
228 + 226;454
481 + 178;659
167 + 393;560
179 + 467;646
254 + 280;534
189 + 22;211
409 + 95;504
344 + 134;478
372 + 247;619
12 + 70;82
40 + 21;61
482 + 9;491
204 + 376;580
28 + 295;323
103 + 386;489
70 + 447;517
163 + 159;322
279 + 4;283
147 + 16;163
449 + 135;584
89 + 352;441
53 + 421;474
128 + 73;201
473 + 158;631
452 + 286;738
453 + 342;795
271 + 447;718
91 + 146;237
123 + 457;580
33 + 180;213
430 + 76;506
470 + 485;955
354 + 92;446
441 + 27;468
41 + 4;45
45 + 442;487
356 + 163;519
344 + 195;539
49 + 365;414
16 + 67;83
376 + 56;432
448 + 16;464
284 + 28;312
472 + 398;870
24 + 285;309
242 + 238;480
78 + 190;268
212 + 83;295
408 + 67;475
415 + 56;471
146 + 199;345
81 + 450;531
151 + 74;225
120 + 437;557
77 + 440;517
1 + 307;308
146 + 149;295
173 + 180;353
151 + 226;377
64 + 222;286
259 + 315;574
492 + 170;662
315 + 343;658
294 + 263;557
29 + 249;278
132 + 463;595
368 + 226;594
491 + 286;777
287 + 56;343
193 + 419;612
363 + 277;640
486 + 256;742
196 + 225;421
362 + 120;482
157 + 330;487
396 + 410;806
68 + 419;487
64 + 421;485
102 + 467;569
339 + 7;346
316 + 481;797
294 + 379;673
496 + 327;823
221 + 122;343
401 + 434;835
350 + 48;398
405 + 218;623
345 + 1;346
426 + 284;710
489 + 4;493
327 + 102;429
448 + 443;891
38 + 37;75
197 + 154;351
492 + 302;794
12 + 232;244
28 + 144;172
41 + 274;315
183 + 435;618
155 + 232;387
53 + 162;215
201 + 194;395
360 + 358;718
467 + 78;545
91 + 301;392
305 + 390;695
260 + 123;383
350 + 91;441
15 + 373;388
194 + 370;564
272 + 314;586
263 + 301;564
281 + 107;388
319 + 201;520
100 + 340;440
2 + 184;186
130 + 264;394
75 + 70;145
428 + 343;771
187 + 126;313
136 + 221;357
38 + 9;47
282 + 288;570
418 + 429;847
114 + 109;223
2 + 427;429
392 + 459;851
413 + 45;458
303 + 178;481
417 + 83;500
452 + 108;560
490 + 78;568
444 + 459;903
458 + 409;867
475 + 199;674
225 + 87;312
365 + 428;793
134 + 279;413
383 + 24;407
255 + 468;723
151 + 393;544
12 + 222;234
336 + 29;365
202 + 423;625
477 + 394;871
245 + 172;417
71 + 453;524
184 + 18;202
35 + 20;55
479 + 474;953
243 + 413;656
480 + 436;916
254 + 321;575
66 + 370;436
315 + 309;624
74 + 268;342
30 + 439;469
175 + 145;320
336 + 367;703
144 + 58;202
220 + 88;308
410 + 373;783
262 + 243;505
125 + 40;165
234 + 150;384
170 + 399;569
361 + 94;455
358 + 471;829
134 + 374;508
159 + 314;473
437 + 479;916
191 + 106;297
299 + 174;473
179 + 350;529
373 + 452;825
200 + 277;477
173 + 468;641
374 + 183;557
383 + 291;674
105 + 47;152
63 + 423;486
193 + 306;499
462 + 48;510
318 + 83;401
301 + 17;318
4 + 318;322
218 + 322;540
432 + 446;878
294 + 439;733
65 + 77;142
61 + 73;134
389 + 228;617
122 + 466;588
322 + 186;508
215 + 482;697
72 + 232;304
6 + 216;222
58 + 14;72
92 + 60;152
423 + 483;906
61 + 474;535
342 + 297;639
430 + 323;753
35 + 20;55
382 + 488;870
199 + 175;374
401 + 65;466
360 + 261;621
76 + 162;238
263 + 12;275
255 + 370;625
475 + 264;739
387 + 40;427
433 + 78;511
182 + 214;396
396 + 421;817
414 + 12;426
465 + 211;676
178 + 258;436
207 + 265;472
474 + 394;868
10 + 362;372
197 + 131;328
88 + 309;397
302 + 100;402
371 + 145;516
102 + 436;538
429 + 165;594
359 + 307;666
66 + 178;244
232 + 115;347
407 + 108;515
250 + 358;608
482 + 364;846
343 + 124;467
468 + 20;488
374 + 198;572
233 + 254;487
14 + 137;151
441 + 234;675
284 + 464;748
331 + 291;622
228 + 429;657
88 + 2;90
47 + 209;256
57 + 459;516
26 + 225;251
183 + 161;344
160 + 385;545
470 + 91;561
26 + 204;230
412 + 462;874
438 + 84;522
44 + 362;406
499 + 143;642
149 + 349;498
305 + 149;454
135 + 384;519
216 + 107;323
267 + 434;701
248 + 341;589
382 + 31;413
265 + 276;541
371 + 408;779
413 + 313;726
136 + 203;339
13 + 296;309
459 + 481;940
39 + 205;244
429 + 89;518
421 + 158;579
41 + 16;57
495 + 82;577
353 + 328;681
106 + 498;604
410 + 40;450
107 + 242;349
145 + 16;161
484 + 58;542
387 + 401;788
72 + 421;493
58 + 229;287
28 + 54;82
484 + 232;716
115 + 301;416
154 + 361;515
235 + 131;366
118 + 444;562
30 + 181;211
407 + 354;761
478 + 163;641
99 + 121;220
143 + 414;557
98 + 247;345
164 + 79;243
273 + 430;703
10 + 377;387
184 + 409;593
389 + 434;823
488 + 342;830
299 + 31;330
478 + 206;684
65 + 50;115
287 + 323;610
398 + 439;837
491 + 120;611
284 + 200;484
385 + 422;807
488 + 109;597
410 + 348;758
198 + 261;459
97 + 391;488
336 + 255;591
407 + 19;426
34 + 425;459
431 + 92;523
131 + 355;486
362 + 294;656
117 + 288;405
258 + 81;339
298 + 96;394
497 + 447;944
171 + 11;182
286 + 257;543
351 + 305;656
181 + 318;499
78 + 87;165
31 + 104;135
416 + 183;599
469 + 351;820
35 + 288;323
287 + 181;468
320 + 23;343
285 + 462;747
383 + 233;616
354 + 14;368
370 + 408;778
63 + 114;177
114 + 171;285
237 + 184;421
333 + 467;800
208 + 113;321
9 + 470;479
237 + 338;575
486 + 186;672
223 + 58;281
96 + 244;340
115 + 220;335
337 + 495;832
361 + 279;640
102 + 86;188
165 + 242;407
52 + 305;357
472 + 193;665
455 + 199;654
394 + 67;461
238 + 124;362
245 + 429;674
40 + 12;52
148 + 434;582
81 + 107;188
439 + 34;473
431 + 461;892
402 + 342;744
135 + 199;334
210 + 194;404
187 + 455;642
42 + 168;210
8 + 81;89
340 + 53;393
406 + 466;872
437 + 22;459
482 + 153;635
138 + 215;353
241 + 405;646
497 + 313;810
418 + 494;912
42 + 382;424
413 + 359;772
189 + 418;607
376 + 493;869
467 + 48;515
41 + 326;367
251 + 362;613
148 + 361;509
358 + 101;459
233 + 7;240
471 + 221;692
401 + 292;693
493 + 65;558
147 + 174;321
290 + 8;298
175 + 44;219
415 + 340;755
7 + 201;208
219 + 461;680
365 + 271;636
318 + 334;652
167 + 16;183
441 + 488;929
356 + 17;373
470 + 96;566
327 + 51;378
409 + 473;882
396 + 382;778
437 + 186;623
153 + 135;288
470 + 308;778
100 + 295;395
293 + 347;640
279 + 72;351
17 + 20;37
174 + 433;607
193 + 250;443
251 + 278;529
316 + 219;535
493 + 98;591
478 + 439;917
209 + 442;651
177 + 467;644
364 + 415;779
28 + 462;490
207 + 351;558
214 + 129;343
386 + 270;656
13 + 107;120
380 + 62;442
439 + 197;636
262 + 52;314
449 + 481;930
329 + 98;427
177 + 397;574
345 + 494;839
66 + 466;532
454 + 251;705
464 + 371;835
317 + 390;707
468 + 261;729
103 + 158;261
71 + 6;77
415 + 475;890
357 + 321;678
235 + 336;571
166 + 93;259
455 + 57;512
273 + 458;731
312 + 216;528
139 + 163;302
399 + 309;708
479 + 457;936
484 + 326;810
211 + 198;409
166 + 181;347
194 + 305;499
70 + 365;435
369 + 395;764
345 + 332;677
86 + 329;415
335 + 293;628
11 + 374;385
91 + 5;96
318 + 139;457
215 + 450;665
335 + 364;699
84 + 196;280
88 + 217;305
405 + 446;851
105 + 90;195
290 + 71;361
177 + 261;438
301 + 18;319
325 + 239;564
206 + 229;435
472 + 251;723
350 + 476;826
245 + 466;711
343 + 48;391
65 + 321;386
499 + 157;656
121 + 49;170
404 + 80;484
483 + 328;811
39 + 454;493
20 + 117;137
277 + 378;655
220 + 160;380
1 + 9;10
482 + 399;881
191 + 359;550
17 + 214;231
418 + 174;592
497 + 268;765
175 + 90;265
140 + 194;334
144 + 165;309
48 + 404;452
491 + 171;662
64 + 177;241
7 + 367;374
432 + 84;516
76 + 227;303
360 + 335;695
244 + 324;568
308 + 281;589
493 + 489;982
328 + 123;451
20 + 48;68
440 + 313;753
45 + 27;72
199 + 265;464
26 + 338;364
284 + 123;407
454 + 360;814
314 + 284;598
287 + 381;668
123 + 269;392
233 + 91;324
45 + 253;298
192 + 253;445
57 + 291;348
9 + 281;290
202 + 314;516
71 + 395;466
204 + 451;655
101 + 167;268
499 + 160;659
163 + 3;166
140 + 483;623
48 + 12;60
16 + 223;239
85 + 483;568
34 + 375;409
36 + 471;507
313 + 415;728
410 + 316;726
319 + 202;521
84 + 282;366
283 + 488;771
297 + 117;414
375 + 135;510
411 + 416;827
106 + 122;228
492 + 229;721
360 + 146;506
74 + 200;274
258 + 466;724
31 + 331;362
379 + 131;510
493 + 62;555
19 + 6;25
480 + 367;847
209 + 406;615
244 + 151;395
69 + 119;188
245 + 51;296
410 + 440;850
318 + 97;415
82 + 273;355
266 + 287;553
133 + 266;399
349 + 137;486
46 + 243;289
43 + 446;489
449 + 107;556
274 + 272;546
467 + 87;554
336 + 64;400
188 + 201;389
230 + 462;692
9 + 473;482
412 + 71;483
235 + 327;562
391 + 22;413
402 + 451;853
292 + 217;509
31 + 418;449
233 + 482;715
142 + 380;522
268 + 458;726
416 + 278;694
473 + 137;610
453 + 78;531
345 + 140;485
104 + 211;315
273 + 216;489
107 + 409;516
201 + 51;252
59 + 203;262
184 + 41;225
419 + 6;425
457 + 383;840
80 + 275;355
334 + 445;779
8 + 402;410
346 + 135;481
51 + 169;220
477 + 497;974
85 + 111;196
178 + 20;198
458 + 15;473
438 + 141;579
78 + 250;328
362 + 290;652
258 + 432;690
238 + 37;275
48 + 240;288
15 + 63;78
356 + 67;423
171 + 480;651
468 + 376;844
217 + 96;313
389 + 470;859
341 + 180;521
8 + 167;175
43 + 92;135
455 + 371;826
150 + 358;508
266 + 223;489
340 + 191;531
15 + 103;118
211 + 142;353
13 + 25;38
44 + 331;375
387 + 495;882
62 + 130;192
248 + 52;300
451 + 265;716
161 + 45;206
155 + 23;178
159 + 371;530
82 + 317;399
81 + 374;455
125 + 368;493
43 + 426;469
121 + 296;417
423 + 40;463
353 + 399;752
51 + 449;500
161 + 248;409
103 + 34;137
96 + 120;216
326 + 267;593
493 + 47;540
41 + 277;318
417 + 134;551
351 + 474;825
333 + 331;664
270 + 207;477
118 + 201;319
281 + 403;684
417 + 241;658
86 + 287;373
208 + 332;540
244 + 270;514
450 + 406;856
270 + 319;589
20 + 44;64
171 + 174;345
439 + 283;722
202 + 31;233
69 + 130;199
293 + 423;716
171 + 405;576
194 + 159;353
251 + 428;679
481 + 395;876
180 + 50;230
35 + 251;286
31 + 188;219
134 + 295;429
167 + 229;396
300 + 179;479
77 + 131;208
415 + 479;894
397 + 395;792
311 + 79;390
42 + 211;253
101 + 26;127
200 + 71;271
203 + 473;676
90 + 477;567
10 + 420;430
471 + 62;533
150 + 186;336
428 + 452;880
350 + 232;582
213 + 398;611
400 + 13;413
29 + 296;325
230 + 351;581
156 + 182;338
264 + 349;613
216 + 425;641
470 + 9;479
212 + 39;251
386 + 263;649
107 + 191;298
7 + 382;389
95 + 31;126
32 + 278;310
444 + 234;678
73 + 329;402
223 + 172;395
469 + 90;559
397 + 331;728
201 + 10;211
98 + 95;193
461 + 123;584
345 + 252;597
283 + 102;385
300 + 403;703
392 + 18;410
475 + 388;863
386 + 184;570
231 + 71;302
380 + 322;702
364 + 368;732
400 + 373;773
249 + 182;431
54 + 329;383
342 + 221;563
216 + 397;613
469 + 433;902
423 + 219;642
74 + 362;436
181 + 159;340
92 + 431;523
419 + 26;445
296 + 485;781
275 + 493;768
195 + 39;234
256 + 109;365
108 + 308;416
482 + 240;722
349 + 240;589
296 + 474;770
354 + 87;441
254 + 115;369
456 + 429;885
431 + 477;908
303 + 316;619
233 + 160;393
340 + 410;750
216 + 204;420
479 + 478;957
353 + 88;441
314 + 209;523
1 + 53;54
120 + 92;212
206 + 426;632
307 + 148;455
174 + 411;585
494 + 37;531
180 + 493;673
237 + 103;340
336 + 320;656
183 + 353;536
476 + 208;684
277 + 473;750
171 + 399;570
201 + 499;700
287 + 13;300
30 + 72;102
55 + 238;293
271 + 306;577
128 + 428;556
147 + 444;591
217 + 294;511
452 + 3;455
494 + 445;939
199 + 68;267
460 + 263;723
295 + 244;539
157 + 320;477
404 + 44;448
364 + 453;817
261 + 209;470
450 + 214;664
371 + 171;542
477 + 166;643
63 + 119;182
466 + 240;706
415 + 4;419
473 + 406;879
499 + 448;947
151 + 72;223
110 + 316;426
385 + 178;563
74 + 191;265
57 + 280;337
87 + 382;469
327 + 489;816
16 + 449;465
228 + 119;347
397 + 95;492
39 + 84;123
333 + 444;777
455 + 431;886
433 + 6;439
486 + 127;613
52 + 358;410
226 + 258;484
111 + 6;117
261 + 168;429
251 + 279;530
391 + 151;542
76 + 394;470
102 + 337;439
115 + 264;379
303 + 58;361
215 + 210;425
223 + 53;276
337 + 470;807
131 + 216;347
157 + 28;185
370 + 211;581
211 + 424;635
62 + 3;65
135 + 220;355
382 + 279;661
142 + 438;580
7 + 345;352
373 + 225;598
368 + 345;713
296 + 363;659
410 + 149;559
382 + 205;587
263 + 59;322
489 + 12;501
28 + 152;180
235 + 200;435
499 + 341;840
471 + 16;487
449 + 498;947
87 + 309;396
300 + 204;504
390 + 450;840
61 + 18;79
301 + 246;547
149 + 78;227
76 + 208;284
413 + 142;555
405 + 221;626
201 + 273;474
357 + 85;442
370 + 422;792
305 + 330;635
185 + 281;466
243 + 350;593
57 + 338;395
433 + 423;856
325 + 290;615
71 + 475;546
240 + 247;487
432 + 392;824
124 + 416;540
165 + 220;385
471 + 472;943
334 + 398;732
141 + 109;250
495 + 217;712
366 + 209;575
169 + 429;598
478 + 475;953
312 + 497;809
13 + 458;471
366 + 254;620
395 + 351;746
192 + 140;332
135 + 25;160
197 + 208;405
56 + 426;482
363 + 76;439
109 + 22;131
428 + 180;608
67 + 72;139
445 + 259;704
278 + 118;396
134 + 426;560
435 + 252;687
130 + 111;241
33 + 370;403
120 + 243;363
35 + 311;346
284 + 418;702
141 + 60;201
348 + 497;845
198 + 242;440
158 + 132;290
339 + 253;592
12 + 70;82
193 + 381;574
73 + 199;272
379 + 322;701
21 + 493;514
444 + 328;772
140 + 22;162
197 + 52;249
270 + 207;477
240 + 45;285
331 + 215;546
5 + 35;40
386 + 333;719
136 + 1;137
219 + 42;261
61 + 407;468
149 + 143;292
56 + 214;270
71 + 107;178
173 + 100;273
45 + 12;57
121 + 68;189
360 + 19;379
427 + 268;695
305 + 490;795
319 + 450;769
64 + 296;360
357 + 372;729
460 + 58;518
22 + 242;264
433 + 130;563
419 + 186;605
329 + 422;751
377 + 422;799
358 + 303;661
318 + 286;604
375 + 41;416
343 + 36;379
328 + 297;625
23 + 134;157
330 + 379;709
397 + 283;680
491 + 317;808
457 + 390;847
93 + 183;276
498 + 193;691
127 + 145;272
205 + 379;584
393 + 273;666
112 + 100;212
296 + 199;495
362 + 160;522
324 + 55;379
220 + 225;445
47 + 148;195
279 + 34;313
279 + 143;422
229 + 364;593
215 + 257;472
346 + 36;382
142 + 461;603
128 + 349;477
171 + 453;624
304 + 460;764
36 + 370;406
220 + 134;354
227 + 58;285
268 + 475;743
280 + 253;533
316 + 439;755
370 + 125;495
184 + 246;430
249 + 282;531
216 + 346;562
353 + 367;720
13 + 139;152
209 + 485;694
281 + 134;415
382 + 137;519
347 + 241;588
214 + 196;410
332 + 68;400
198 + 295;493
434 + 76;510
315 + 51;366
411 + 318;729
302 + 453;755
437 + 66;503
241 + 169;410
12 + 313;325
246 + 213;459
320 + 396;716
139 + 272;411
65 + 198;263
497 + 38;535
202 + 6;208
160 + 362;522
3 + 407;410
124 + 103;227
349 + 232;581
318 + 27;345
308 + 134;442
415 + 42;457
158 + 380;538
252 + 347;599
307 + 72;379
57 + 66;123
431 + 383;814
283 + 428;711
23 + 186;209
211 + 309;520
387 + 154;541
326 + 32;358
315 + 455;770
478 + 26;504
173 + 27;200
169 + 94;263
311 + 75;386
64 + 370;434
342 + 253;595
488 + 400;888
278 + 187;465
389 + 391;780
132 + 25;157
190 + 214;404
456 + 43;499
114 + 383;497
485 + 170;655
257 + 403;660
441 + 471;912
161 + 286;447
107 + 250;357
339 + 305;644
194 + 482;676
335 + 90;425
232 + 80;312
325 + 431;756
85 + 399;484
261 + 84;345
375 + 422;797
386 + 431;817
447 + 18;465
278 + 221;499
35 + 20;55
36 + 53;89
93 + 341;434
295 + 43;338
68 + 208;276
130 + 139;269
328 + 472;800
472 + 24;496
272 + 429;701
154 + 162;316
20 + 70;90
155 + 168;323
316 + 65;381
371 + 461;832
120 + 28;148
21 + 362;383
118 + 109;227
261 + 115;376
341 + 495;836
232 + 482;714
285 + 466;751
454 + 260;714
101 + 317;418
84 + 365;449
301 + 455;756
83 + 320;403
358 + 183;541
149 + 362;511
212 + 170;382
372 + 261;633
412 + 165;577
463 + 180;643
275 + 93;368
319 + 393;712
180 + 244;424
197 + 16;213
153 + 62;215
230 + 430;660
268 + 41;309
499 + 100;599
361 + 218;579
151 + 381;532
95 + 285;380
268 + 363;631
139 + 22;161
291 + 158;449
401 + 177;578
486 + 338;824
320 + 285;605
381 + 491;872
325 + 115;440
287 + 324;611
348 + 91;439
250 + 364;614
372 + 428;800
451 + 388;839
365 + 409;774
292 + 128;420
120 + 182;302
484 + 185;669
499 + 85;584
116 + 148;264
204 + 276;480
108 + 470;578
272 + 390;662
258 + 23;281
43 + 9;52
204 + 313;517
150 + 253;403
329 + 217;546
8 + 98;106
259 + 61;320
311 + 181;492
372 + 73;445
281 + 344;625
99 + 111;210
135 + 195;330
309 + 121;430
406 + 464;870
176 + 433;609
8 + 103;111
363 + 124;487
415 + 493;908
111 + 27;138
385 + 388;773
349 + 436;785
352 + 66;418
84 + 188;272
220 + 309;529
57 + 46;103
499 + 248;747
458 + 461;919
150 + 376;526
215 + 372;587
147 + 459;606
355 + 376;731
55 + 333;388
204 + 256;460
185 + 495;680
200 + 263;463
76 + 361;437
389 + 304;693
490 + 319;809
155 + 157;312
249 + 439;688
34 + 277;311
277 + 468;745
444 + 99;543
42 + 209;251
34 + 473;507
113 + 89;202
20 + 184;204
428 + 261;689
254 + 12;266
374 + 195;569
179 + 63;242
333 + 238;571
305 + 300;605
262 + 412;674
204 + 15;219
184 + 161;345
384 + 132;516
251 + 59;310
170 + 277;447
233 + 113;346
98 + 230;328
6 + 379;385
126 + 398;524
359 + 248;607
259 + 59;318
452 + 221;673
175 + 276;451
8 + 189;197
186 + 148;334
176 + 67;243
496 + 16;512
385 + 149;534
458 + 415;873
120 + 175;295
39 + 474;513
67 + 247;314
5 + 46;51
215 + 310;525
147 + 206;353
182 + 130;312
442 + 29;471
70 + 119;189
341 + 94;435
249 + 407;656
364 + 440;804
218 + 347;565
361 + 209;570
488 + 84;572
71 + 316;387
450 + 416;866
459 + 100;559
217 + 22;239
67 + 51;118
417 + 80;497
145 + 39;184
299 + 490;789
161 + 91;252
409 + 32;441
475 + 120;595
147 + 88;235
291 + 82;373
481 + 170;651
409 + 408;817
425 + 498;923
115 + 151;266
445 + 169;614
38 + 199;237
57 + 299;356
59 + 187;246
255 + 51;306
186 + 495;681
39 + 470;509
478 + 386;864
294 + 313;607
278 + 107;385
453 + 55;508
10 + 168;178
380 + 422;802
453 + 495;948
141 + 311;452
55 + 168;223
132 + 484;616
276 + 426;702
371 + 190;561
168 + 4;172
353 + 277;630
426 + 301;727
394 + 61;455
404 + 69;473
33 + 417;450
254 + 469;723
6 + 198;204
348 + 287;635
153 + 24;177
366 + 461;827
244 + 302;546
482 + 157;639
272 + 388;660
212 + 47;259
194 + 396;590
290 + 416;706
199 + 377;576
102 + 243;345
192 + 297;489
328 + 350;678
167 + 86;253
273 + 338;611
278 + 65;343
243 + 434;677
484 + 419;903
42 + 139;181
149 + 5;154
346 + 433;779
431 + 111;542
159 + 365;524
396 + 111;507
363 + 403;766
461 + 402;863
9 + 62;71
363 + 302;665
356 + 299;655
489 + 360;849
49 + 119;168
97 + 365;462
166 + 247;413
380 + 285;665
190 + 107;297
105 + 118;223
57 + 434;491
320 + 252;572
93 + 361;454
360 + 117;477
190 + 197;387
436 + 413;849
67 + 397;464
394 + 364;758
348 + 490;838
173 + 469;642
163 + 206;369
230 + 27;257
152 + 177;329
229 + 420;649
75 + 180;255
365 + 388;753
269 + 268;537
160 + 227;387
46 + 488;534
139 + 463;602
